Year Maxtemp
1973 88.0
1973 84.9
1973 88.9
1973 93.9
1973 90.0
1973 92.8
1973 91.9
1973 90.0
1973 90.9
1973 93.9
1973 91.9
1973 92.8
1973 92.8
1973 93.9
1973 84.9
1973 91.9
1973 90.9
1973 95.0
1973 91.9
1973 90.0
1973 90.0
1973 81.0
1973 84.9
1973 88.9
1973 90.0
1973 93.9
1973 91.9
1973 88.9
1973 88.9
1973 88.9
1973 79.0
1974 84.9
1974 93.0
1974 90.0
1974 91.9
1974 89.1
1974 84.0
1974 91.0
1974 87.1
1974 88.0
1974 93.0
1974 88.0
1974 88.0
1974 89.1
1974 91.9
1974 93.0
1974 91.0
1974 87.1
1974 89.1
1974 91.0
1974 93.0
1974 88.0
1974 90.0
1974 88.0
1974 93.0
1974 91.9
1974 95.0
1974 93.0
1974 95.0
1974 93.0
1974 93.0
1974 93.0
1975 90.0
1975 91.9
1975 91.0
1975 91.0
1975 91.0
1975 91.9
1975 91.0
1975 93.0
1975 88.0
1975 93.9
1975 91.0
1975 93.9
1975 90.0
1975 93.9
1975 91.9
1975 90.0
1975 91.0
1975 96.1
1975 97.0
1975 93.9
1975 93.0
1975 93.9
1975 96.1
1975 93.9
1975 93.0
1975 95.0
1975 91.9
1975 93.9
1975 88.0
1975 90.0
1975 90.0
1976 91.9
1976 91.0
1976 84.0
1976 82.9
1976 88.0
1976 91.0
1976 95.0
1976 95.0
1976 91.9
1976 93.0
1976 95.0
1976 93.9
1976 90.0
1976 89.1
1976 90.0
1976 91.9
1976 89.1
1976 81.0
1976 84.0
1976 79.0
1976 89.1
1976 93.0
1976 91.0
1976 90.0
1976 91.0
1976 91.9
1976 89.1
1976 91.0
1976 93.0
1976 93.9
1976 88.0
1977 84.9
1977 93.0
1977 95.0
1977 93.9
1977 91.9
1977 93.9
1977 93.0
1977 91.0
1977 91.0
1977 93.9
1977 91.0
1977 90.0
1977 84.9
1977 93.9
1977 93.0
1977 93.9
1977 91.9
1977 86.0
1977 86.0
1977 79.0
1977 82.9
1977 86.0
1977 89.1
1977 86.0
1977 91.0
1977 91.0
1977 82.9
1977 90.0
1977 89.1
1977 89.1
1977 88.0
1978 88.0
1978 89.1
1978 89.1
1978 91.0
1978 90.0
1978 86.0
1978 91.9
1978 87.1
1978 91.9
1978 91.0
1978 88.0
1978 89.1
1978 84.9
1978 91.0
1978 91.9
1978 91.0
1978 93.9
1978 91.9
1978 91.0
1978 93.9
1978 93.0
1978 90.0
1978 90.0
1978 90.0
1978 93.0
1978 93.0
1978 93.9
1978 93.0
1978 93.0
1978 95.0
1978 96.1
1979 88.0
1979 91.0
1979 90.0
1979 93.9
1979 93.9
1979 86.0
1979 91.0
1979 88.0
1979 93.0
1979 86.0
1979 84.9
1979 80.1
1979 86.0
1979 89.1
1979 91.0
1979 91.9
1979 90.0
1979 86.0
1979 93.0
1979 93.9
1979 95.0
1979 93.9
1979 91.0
1979 91.9
1979 91.0
1979 91.9
1979 89.1
1979 93.0
1979 91.0
1979 93.0
1979 91.9
1980 93.9
1980 93.0
1980 93.0
1980 95.0
1980 93.0
1980 93.0
1980 93.0
1980 93.0
1980 95.0
1980 95.0
1980 95.0
1980 93.9
1980 88.0
1980 86.0
1980 93.0
1980 91.9
1980 95.0
1980 89.1
1980 91.9
1980 95.0
1980 96.1
1980 97.0
1980 90.0
1980 89.1
1980 87.1
1980 86.0
1980 90.0
1980 91.9
1980 91.0
1980 91.0
1980 90.0
1981 91.0
1981 93.0
1981 90.0
1981 89.1
1981 90.0
1981 93.0
1981 91.9
1981 91.9
1981 91.9
1981 93.9
1981 91.9
1981 90.0
1981 91.0
1981 90.0
1981 91.9
1981 91.0
1981 91.9
1981 88.0
1981 89.1
1981 82.9
1981 82.9
1981 84.9
1981 88.0
1981 87.1
1981 89.1
1981 88.0
1981 89.1
1981 75.9
1981 88.0
1981 87.1
1981 89.1
1982 93.0
1982 87.1
1982 90.0
1982 89.1
1982 90.0
1982 89.1
1982 93.0
1982 91.9
1982 91.9
1982 90.0
1982 91.0
1982 90.0
1982 89.1
1982 90.0
1982 89.1
1982 91.9
1982 90.0
1982 77.0
1982 81.0
1982 89.1
1982 89.1
1982 91.0
1982 89.1
1982 91.9
1982 91.9
1982 95.0
1982 90.0
1982 93.0
1982 90.0
1982 84.9
1982 88.0
1983 91.0
1983 90.0
1983 91.0
1983 91.0
1983 90.0
1983 89.1
1983 89.1
1983 91.0
1983 91.9
1983 90.0
1983 87.1
1983 87.1
1983 89.1
1983 84.9
1983 89.1
1983 90.0
1983 89.1
1983 93.0
1983 95.0
1983 96.1
1983 96.1
1983 96.1
1983 93.9
1983 93.9
1983 89.1
1983 95.0
1983 95.0
1983 97.0
1983 93.9
1983 95.0
1983 91.9
1984 91.0
1984 91.0
1984 90.0
1984 93.0
1984 93.0
1984 96.1
1984 95.0
1984 95.0
1984 91.9
1984 93.9
1984 93.9
1984 93.0
1984 91.0
1984 93.0
1984 96.1
1984 95.0
1984 95.0
1984 90.0
1984 88.0
1984 84.9
1984 82.0
1984 86.0
1984 78.1
1984 90.0
1984 91.9
1984 87.1
1984 87.1
1984 88.0
1984 90.0
1984 89.1
1984 93.0
1985 89.1
1985 89.1
1985 82.9
1985 84.9
1985 91.0
1985 90.0
1985 89.1
1985 82.0
1985 86.0
1985 86.0
1985 87.1
1985 90.0
1985 88.0
1985 86.0
1985 89.1
1985 91.9
1985 90.0
1985 90.0
1985 91.9
1985 88.0
1985 82.9
1985 91.0
1985 91.0
1985 90.0
1985 84.0
1985 93.0
1985 82.9
1985 88.0
1985 87.1
1985 87.1
1985 77.0
1986 98.1
1986 91.9
1986 88.0
1986 88.0
1986 90.0
1986 91.0
1986 91.0
1986 91.0
1986 91.9
1986 93.9
1986 88.0
1986 87.1
1986 82.9
1986 79.0
1986 86.0
1986 89.1
1986 93.0
1986 90.0
1986 90.0
1986 82.9
1986 88.0
1986 91.0
1986 91.9
1986 93.0
1986 93.9
1986 91.0
1986 91.0
1986 84.0
1986 75.0
1986 88.0
1986 81.0
1987 91.0
1987 91.0
1987 90.0
1987 91.9
1987 91.0
1987 95.0
1987 95.0
1987 95.0
1987 97.0
1987 95.0
1987 96.1
1987 91.0
1987 86.0
1987 82.0
1987 80.1
1987 88.0
1987 93.0
1987 93.0
1987 91.9
1987 93.0
1987 91.9
1987 91.0
1987 93.0
1987 95.0
1987 95.0
1987 93.0
1987 95.0
1987 95.0
1987 96.1
1987 91.9
1987 93.9
1988 93.9
1988 91.9
1988 93.0
1988 93.0
1988 91.0
1988 91.9
1988 91.0
1988 90.0
1988 90.0
1988 89.1
1988 86.0
1988 88.0
1988 84.9
1988 86.0
1988 88.0
1988 81.0
1988 89.1
1988 91.0
1988 91.9
1988 88.0
1988 91.9
1988 91.9
1988 93.0
1988 91.0
1988 82.0
1988 88.0
1988 75.0
1988 88.0
1988 90.0
1988 86.0
1988 89.1
1989 91.9
1989 91.0
1989 91.0
1989 91.0
1989 91.9
1989 95.0
1989 93.9
1989 90.0
1989 82.0
1989 81.0
1989 82.9
1989 81.0
1989 84.0
1989 86.0
1989 88.0
1989 87.1
1989 89.1
1989 91.0
1989 89.1
1989 82.9
1989 91.0
1989 91.0
1989 93.0
1989 91.9
1989 89.1
1989 90.0
1989 90.0
1989 91.0
1989 90.0
1989 91.9
1989 91.0
1990 93.0
1990 91.9
1990 90.0
1990 91.0
1990 91.0
1990 93.9
1990 93.0
1990 89.1
1990 82.0
1990 87.1
1990 84.9
1990 91.9
1990 90.0
1990 84.9
1990 89.1
1990 93.0
1990 91.9
1990 91.9
1990 91.0
1990 91.9
1990 91.9
1990 88.0
1990 84.0
1990 88.0
1990 87.1
1990 91.9
1990 91.9
1990 91.9
1990 93.0
1990 91.0
1990 86.0
1991 84.0
1991 86.0
1991 88.0
1991 90.0
1991 89.1
1991 91.9
1991 93.0
1991 91.0
1991 90.0
1991 90.0
1991 91.0
1991 90.0
1991 91.0
1991 91.0
1991 86.0
1991 89.1
1991 91.0
1991 88.0
1991 87.1
1991 82.9
1991 89.1
1991 87.1
1991 88.0
1991 84.9
1991 84.9
1991 90.0
1991 89.1
1991 87.1
1991 86.0
1991 88.0
1991 89.1
1992 91.0
1992 91.9
1992 89.1
1992 86.0
1992 90.0
1992 86.0
1992 91.0
1992 86.0
1992 90.0
1992 88.0
1992 91.0
1992 88.0
1992 87.1
1992 78.1
1992 81.0
1992 86.0
1992 84.9
1992 89.1
1992 88.0
1992 89.1
1992 88.0
1992 89.1
1992 88.0
1992 86.0
1992 90.0
1992 89.1
1992 91.0
1992 82.0
1992 79.0
1992 88.0
1992 87.1
1993 93.9
1993 96.1
1993 93.9
1993 95.0
1993 93.0
1993 97.0
1993 97.0
1993 95.0
1993 93.9
1993 91.9
1993 91.0
1993 93.0
1993 96.1
1993 93.0
1993 91.0
1993 91.9
1993 93.9
1993 96.1
1993 96.1
1993 93.9
1993 93.0
1993 93.9
1993 91.0
1993 91.9
1993 90.0
1993 90.0
1993 87.1
1993 88.0
1993 86.0
1993 89.1
1993 88.0
1994 91.0
1994 90.0
1994 91.0
1994 89.1
1994 91.0
1994 87.1
1994 86.0
1994 82.0
1994 84.9
1994 87.1
1994 87.1
1994 86.0
1994 87.1
1994 87.1
1994 82.9
1994 75.0
1994 84.0
1994 89.1
1994 89.1
1994 89.1
1994 90.0
1994 84.0
1994 84.9
1994 86.0
1994 84.9
1994 84.9
1994 87.1
1994 89.1
1994 89.1
1994 91.0
1994 89.1
1995 89.1
1995 84.9
1995 88.0
1995 89.1
1995 91.9
1995 91.9
1995 93.0
1995 89.1
1995 89.1
1995 89.1
1995 91.9
1995 90.0
1995 91.9
1995 96.1
1995 97.0
1995 93.0
1995 93.9
1995 95.0
1995 91.9
1995 84.9
1995 84.9
1995 87.1
1995 87.1
1995 81.0
1995 82.9
1995 89.1
1995 91.9
1995 90.0
1995 84.0
1995 87.1
1995 87.1
1996 89.2
1996 81.0
1996 79.7
1996 92.1
1996 91.6
1996 92.1
1996 91.4
1996 89.4
1996 90.5
1996 91.8
1996 86.7
1996 77.2
1996 86.0
1996 82.9
1996 86.4
1996 88.7
1996 90.0
1996 89.6
1996 89.1
1996 90.1
1996 89.4
1996 89.2
1996 89.4
1996 89.4
1996 85.3
1996 86.0
1996 89.8
1996 90.1
1996 90.0
1996 86.0
1996 84.6
1997 89.6
1997 88.3
1997 91.0
1997 90.5
1997 91.4
1997 92.1
1997 90.0
1997 87.4
1997 91.4
1997 90.7
1997 87.3
1997 88.0
1997 94.5
1997 91.8
1997 93.7
1997 90.3
1997 92.8
1997 95.0
1997 94.1
1997 93.6
1997 87.3
1997 88.9
1997 89.6
1997 84.9
1997 88.7
1997 88.2
1997 88.3
1997 90.9
1997 92.3
1997 93.0
1997 90.9
1998 87.8
1998 85.5
1998 86.4
1998 89.8
1998 90.5
1998 88.5
1998 89.8
1998 87.1
1998 91.8
1998 92.5
1998 93.2
1998 91.9
1998 87.8
1998 91.0
1998 90.0
1998 93.0
1998 91.9
1998 91.0
1998 89.1
1998 88.0
1998 89.1
1998 89.1
1998 90.0
1998 91.9
1998 91.9
1998 93.2
1998 93.9
1998 95.0
1998 95.0
1998 91.9
1998 93.0
1999 97.0
1999 99.0
1999 90.0
1999 87.1
1999 91.0
1999 88.0
1999 88.0
1999 87.1
1999 86.0
1999 89.1
1999 88.0
1999 95.0
1999 96.1
1999 93.9
1999 88.0
1999 93.9
1999 90.0
1999 91.9
1999 91.0
1999 87.1
1999 91.0
1999 90.0
1999 89.1
1999 90.0
1999 91.9
1999 91.9
1999 91.9
1999 91.9
1999 91.9
1999 93.0
1999 88.0
2000 91.4
2000 93.2
2000 89.6
2000 88.0
2000 91.0
2000 91.9
2000 91.9
2000 93.0
2000 93.0
2000 91.0
2000 91.9
2000 
2000 
2000 
2000 
2000 
2000 
2000 
2000 
2000 
2000 
2000 86.0
2000 
2000 
2000 
2000 
2000 77.0
2000 
2000 
2000 
2000 78.1
2001 88.0
2001 81.0
2001 82.0
2001 87.1
2001 87.1
2001 86.0
2001 88.0
2001 91.0
2001 90.0
2001 91.0
2001 90.0
2001 91.0
2001 91.9
2001 91.0
2001 88.0
2001 90.0
2001 91.0
2001 93.0
2001 88.0
2001 91.9
2001 91.0
2001 91.9
2001 90.0
2001 90.0
2001 93.0
2001 90.0
2001 91.0
2001 91.9
2001 91.9
2001 91.9
2001 93.0
2002 89.1
2002 87.1
2002 86.0
2002 84.9
2002 90.0
2002 93.0
2002 84.9
2002 87.1
2002 84.9
2002 87.1
2002 88.0
2002 82.0
2002 86.0
2002 91.0
2002 89.6
2002 91.0
2002 91.9
2002 90.0
2002 90.0
2002 82.0
2002 89.1
2002 90.0
2002 91.0
2002 93.0
2002 93.0
2002 88.0
2002 84.0
2002 86.0
2002 84.9
2002 84.0
2002 82.9
2003 87.1
2003 84.9
2003 86.0
2003 86.0
2003 86.0
2003 86.0
2003 86.0
2003 84.0
2003 81.0
2003 88.0
2003 89.6
2003 87.1
2003 88.0
2003 87.1
2003 86.0
2003 90.0
2003 90.0
2003 89.1
2003 87.1
2003 88.0
2003 87.1
2003 88.0
2003 84.9
2003 90.0
2003 91.0
2003 91.0
2003 91.0
2003 91.4
2003 91.0
2003 89.1
2003 91.0
2004 90.0
2004 91.9
2004 93.9
2004 93.0
2004 91.9
2004 91.9
2004 81.0
2004 84.0
2004 86.0
2004 84.9
2004 88.0
2004 84.9
2004 80.1
2004 79.0
2004 82.9
2004 91.0
2004 91.0
2004 90.0
2004 93.0
2004 93.9
2004 87.8
2004 87.1
2004 86.0
2004 90.0
2004 91.0
2004 91.0
2004 90.0
2004 91.0
2004 91.0
2004 91.9
2004 90.0
2005 91.0
2005 90.0
2005 89.1
2005 87.1
2005 87.8
2005 90.0
2005 89.1
2005 84.9
2005 87.8
2005 87.1
2005 89.1
2005 91.9
2005 91.9
2005 91.9
2005 91.0
2005 93.0
2005 95.0
2005 95.0
2005 95.0
2005 91.0
2005 91.9
2005 93.0
2005 93.0
2005 93.0
2005 93.0
2005 84.9
2005 91.0
2005 89.1
2005 91.9
2005 87.8
2005 86.0
2006 91.9
2006 93.0
2006 93.9
2006 93.9
2006 91.9
2006 93.9
2006 93.9
2006 93.9
2006 90.0
2006 93.0
2006 93.9
2006 95.0
2006 90.0
2006 90.0
2006 90.0
2006 93.0
2006 93.0
2006 91.0
2006 89.1
2006 91.0
2006 91.9
2006 91.9
2006 87.1
2006 86.0
2006 84.2
2006 91.9
2006 89.1
2006 91.9
2006 93.9
2006 82.0
2006 91.0
2007 87.8
2007 80.6
2007 84.2
2007 89.1
2007 93.0
2007 93.9
2007 93.9
2007 95.0
2007 93.9
2007 93.9
2007 93.9
2007 93.9
2007 93.0
2007 96.1
2007 93.0
2007 91.0
2007 91.0
2007 91.9
2007 91.0
2007 93.9
2007 93.9
2007 93.9
2007 91.9
2007 91.0
2007 90.0
2007 84.9
2007 90.0
2007 93.0
2007 91.9
2007 93.0
2007 88.0
2008 84.9
2008 82.0
2008 90.0
2008 91.0
2008 91.9
2008 93.9
2008 93.9
2008 88.0
2008 93.0
2008 90.0
2008 88.0
2008 81.0
2008 88.0
2008 82.0
2008 88.0
2008 82.9
2008 86.0
2008 89.1
2008 84.9
2008 82.9
2008 78.1
2008 77.0
2008 84.9
2008 87.1
2008 88.0
2008 90.0
2008 91.9
2008 89.1
2008 91.0
2008 87.1
2008 88.0
2009 90.0
2009 89.1
2009 89.1
2009 89.1
2009 90.0
2009 87.1
2009 89.1
2009 91.9
2009 91.9
2009 93.0
2009 91.9
2009 91.0
2009 84.9
2009 82.9
2009 89.1
2009 89.1
2009 86.0
2009 87.1
2009 90.0
2009 89.1
2009 89.1
2009 84.9
2009 86.0
2009 88.0
2009 90.0
2009 87.1
2009 82.4
2009 84.9
2009 89.1
2009 89.1
2009 88.0
2010 91.9
2010 97.0
2010 95.0
2010 93.9
2010 93.9
2010 91.0
2010 90.0
2010 93.0
2010 91.9
2010 90.0
2010 91.0
2010 91.0
2010 89.1
2010 90.0
2010 91.0
2010 93.9
2010 95.0
2010 93.0
2010 93.9
2010 91.0
2010 89.6
2010 96.1
2010 91.9
2010 82.9
2010 89.6
2010 89.1
2010 86.0
2010 86.0
2010 87.1
2010 88.0
2010 89.1
2011 91.0
2011 93.0
2011 95.0
2011 97.0
2011 96.1
2011 93.0
2011 93.0
2011 89.6
2011 84.2
2011 91.9
2011 96.1
2011 96.1
2011 93.9
2011 93.0
2011 95.0
2011 93.9
2011 91.9
2011 89.1
2011 89.6
2011 91.4
2011 88.0
2011 93.0
2011 95.0
2011 93.0
2011 91.9
2011 95.0
2011 98.1
2011 98.1
2011 96.8
2011 90.0
2011 93.0
2012 89.1
2012 93.2
2012 91.9
2012 89.1
2012 87.8
2012 91.0
2012 86.0
2012 89.1
2012 87.8
2012 93.9
2012 91.0
2012 91.9
2012 91.0
2012 89.1
2012 91.0
2012 89.1
2012 84.9
2012 88.0
2012 88.0
2012 89.1
2012 79.0
2012 81.0
2012 81.0
2012 88.0
2012 88.0
2012 88.0
2012 80.1
2012 90.0
2012 89.1
2012 91.0
2012 90.0
2013 88.0
2013 91.9
2013 91.0
2013 91.0
2013 93.9
2013 91.9
2013 91.0
2013 91.0
2013 89.1
2013 91.9
2013 93.9
2013 96.1
2013 93.9
2013 93.0
2013 91.9
2013 84.9
2013 87.1
2013 90.0
2013 91.0
2013 91.0
2013 89.1
2013 89.1
2013 86.0
2013 89.1
2013 84.2
2013 89.1
2013 88.0
2013 90.0
2013 91.9
2013 93.0
2013 90.0
2014 90.0
2014 93.0
2014 91.0
2014 89.1
2014 91.9
2014 91.9
2014 93.9
2014 91.0
2014 89.1
2014 89.1
2014 84.9
2014 82.9
2014 89.1
2014 87.1
2014 84.0
2014 90.0
2014 91.9
2014 89.1
2014 91.0
2014 91.9
2014 95.0
2014 97.0
2014 97.0
2014 96.1
2014 84.9
2014 90.0
2014 89.1
2014 91.0
2014 91.0
2014 93.0
2014 91.0
2015 80.1
2015 84.0
2015 86.0
2015 86.0
2015 89.1
2015 91.0
2015 88.0
2015 91.9
2015 91.9
2015 91.9
2015 93.0
2015 90.0
2015 88.0
2015 89.1
2015 90.0
2015 89.1
2015 87.1
2015 91.0
2015 91.9
2015 91.0
2015 93.0
2015 93.0
2015 93.0
2015 86.0
2015 93.0
2015 91.9
2015 86.0
2015 90.0
2015 86.0
2015 88.0
2015 86.0
2016 95.0
2016 95.0
2016 93.0
2016 88.0
2016 91.0
2016 82.0
2016 82.9
2016 84.0
2016 84.9
2016 91.9
2016 91.9
2016 93.9
2016 93.9
2016 91.0
2016 95.0
2016 93.0
2016 93.9
2016 95.0
2016 93.0
2016 93.9
2016 93.0
2016 96.1
2016 93.9
2016 91.9
2016 93.0
2016 91.0
2016 93.0
2016 93.0
2016 93.0
2016 86.0
2016 82.4
